ISS (ZARYA)             
1 25544U 98067A   26267.14191495  .00009634  00000+0  18116-3 0  9998
2 25544  51.6318 170.3464 0004691 174.6338 185.4701 15.49258637587098
POISK                   
1 36086U 09060A   26267.14191495  .00009634  00000+0  18116-3 0  9996
2 36086  51.6318 170.3464 0004691 174.6338 185.4701 15.49258637587002
CSS (TIANHE)            
1 48274U 21035A   26266.93087286  .00017580  00000+0  21298-3 0  9996
2 48274  41.4677  82.4213 0002316 303.1326  56.9291 15.60238134308585
ISS (NAUKA)             
1 49044U 21066A   26267.14191495  .00009634  00000+0  18116-3 0  9994
2 49044  51.6318 170.3464 0004691 174.6338 185.4701 15.49258637587044
FREGAT DEB              
1 49271U 11037PF  26264.76521252  .00011287  00000+0  15724-1 0  9993
2 49271  51.6505  70.9266 0944700 137.6086 230.1817 12.44606371237066
CSS (WENTIAN)           
1 53239U 22085A   26266.93087286  .00017580  00000+0  21298-3 0  9999
2 53239  41.4677  82.4213 0002316 303.1326  56.9291 15.60238134288231
CSS (MENGTIAN)          
1 54216U 22143A   26266.93087286  .00017580  00000+0  21298-3 0  9990
2 54216  41.4677  82.4213 0002316 303.1326  56.9291 15.60238134308319
HRC MONOBLOCK CAMERA    
1 66052U 98067XR  26267.02064844  .00299227  48244-4  60403-3 0  9993
2 66052  51.6121 124.1529 0005471 216.4767 143.5870 15.99084968 53668
SZ-21 MODULE            
1 66515U 25246C   26266.69382213  .00068185  00000+0  26066-3 0  9998
2 66515  41.4697  49.6058 0010771 359.2602   0.8228 15.86414561 49331
DUPLEX                  
1 66906U 98067XS  26267.07264367  .00052064  00000+0  41705-3 0  9991
2 66906  51.6249 147.3129 0004451 182.9469 177.1503 15.70506036 46159
KNACKSAT-2              
1 67683U 98067XZ  26266.13840853  .00053770  00000+0  44205-3 0  9993
2 67683  51.6249 158.3566 0008371 197.6801 162.3906 15.69835381 35615
GXIBA-1                 
1 67685U 98067YB  26266.86129367  .00089301  00000+0  60397-3 0  9994
2 67685  51.6226 151.8931 0009259 201.3475 158.7139 15.74235134 35761
UITMSAT-2               
1 67686U 98067YC  26266.96021292  .00233717  00000+0  82789-3 0  9995
2 67686  51.6184 144.9782 0008436 191.9151 168.1656 15.87788478 35861
LEOPARD                 
1 67687U 98067YD  26266.07198228  .00161128  00000+0  97563-3 0  9994
2 67687  51.6222 156.4109 0008953 185.1441 174.9468 15.76508167 35552
HMU-SAT2                
1 67688U 98067YE  26266.40425027  .00124794  00000+0  64362-3 0  9991
2 67688  51.6256 151.0862 0008353 185.0708 175.0211 15.80207994 35654
CREW DRAGON 12          
1 67796U 26031A   26266.88389698  .00009434  00000+0  17760-3 0  9991
2 67796  51.6318 171.6234 0004723 174.4397 185.6645 15.49253495587503
CYGNUS NG-24            
1 68689U 26079A   26266.88389698  .00009434  00000+0  17760-3 0  9995
2 68689  51.6318 171.6234 0004723 174.4397 185.6645 15.49253495587527
PROGRESS-MS 34          
1 68837U 26093A   26266.88389698  .00009434  00000+0  17760-3 0  9996
2 68837  51.6318 171.6234 0004723 174.4397 185.6645 15.49253495587544
TIANZHOU-10             
1 69049U 26102A   26266.93087287  .00017580  00000+0  21298-3 0  9990
2 69049  41.4677  82.4213 0002316 303.1326  56.9291 15.60238134309725
SHENZHOU-23 (SZ-23)     
1 69180U 26113A   26266.93087287  .00017580  00000+0  21298-3 0  9998
2 69180  41.4677  82.4213 0002316 303.1326  56.9291 15.60238134308135
DMSP 5D-3 F16 (USA 172) 
1 28054U 03048A   26267.20104110  .00000044  00000+0  46421-4 0  9994
2 28054  98.9856 291.6681 0006331 220.1003 229.2462 14.14491771183480
METEOSAT-9 (MSG-2)      
1 28912U 05049B   26265.99499390  .00000127  00000+0  00000+0 0  9991
2 28912   9.5780  53.1705 0001662 350.2430   2.4992  1.00278880  7979
DMSP 5D-3 F17 (USA 191) 
1 29522U 06050A   26267.16509432  .00000096  00000+0  71819-4 0  9998
2 29522  98.7428 271.7317 0010955 129.3091 230.9055 14.15009975 26422
FENGYUN 3A              
1 32958U 08026A   26266.79411811  .00000052  00000+0  45087-4 0  9991
2 32958  98.6945 205.8047 0008219 197.5579 162.5314 14.19588279949399
EWS-G3 (GOES 14)        
1 35491U 09033A   26266.99892884 -.00000056  00000+0  00000+0 0  9996
2 35491   1.9372  81.6337 0002240  99.1554 258.1881  1.00070527  7579
DMSP 5D-3 F18 (USA 210) 
1 35951U 09057A   26267.14165196  .00000163  00000+0  10735-3 0  9998
2 35951  98.9163 247.7514 0010680 336.1356  23.9321 14.14944525873583
EWS-G2 (GOES 15)        
1 36411U 10008A   26267.13889611  .00000022  00000+0  00000+0 0  9996
2 36411   1.5434  81.7859 0005114  84.8906 309.6262  1.00273257 60638
FENGYUN 3B              
1 37214U 10059A   26267.24220237 -.00000375  00000+0 -17064-3 0  9994
2 37214  98.9532 313.6291 0021007 265.9710 173.8078 14.14857138821434
SUOMI NPP               
1 37849U 11061A   26267.16140560  .00000056  00000+0  47509-4 0  9995
2 37849  98.8018 207.3844 0002665  58.0370 302.1065 14.19534807772484
METEOSAT-10 (MSG-3)     
1 38552U 12035B   26267.12641604 -.00000003  00000+0  00000+0 0  9993
2 38552   4.9003  60.4540 0000976 116.9371 231.1706  1.00273074 51842
METOP-B                 
1 38771U 12049A   26267.15861242  .00000058  00000+0  46435-4 0  9992
2 38771  98.6402 316.6337 0003294  72.3166 287.8371 14.21460666727322
INSAT-3D                
1 39216U 13038B   26266.86694433 -.00000338  00000+0  00000+0 0  9994
2 39216   2.1726  81.1865 0002016 122.4722 240.6800  1.00274292 48075
FENGYUN 3C              
1 39260U 13052A   26267.19821759  .00000053  00000+0  48046-4 0  9999
2 39260  98.5118 236.5857 0015811  97.6715 262.6256 14.15773354672577
METEOR-M 2              
1 40069U 14037A   26267.18354838  .00000471  00000+0  23454-3 0  9999
2 40069  98.5243 239.4752 0006879 104.8934 255.3006 14.21486917633380
HIMAWARI-8              
1 40267U 14060A   26266.84273604 -.00000276  00000+0  00000+0 0  9990
2 40267   0.0223  79.9994 0001044 117.8693 248.8929  1.00272655 43747
FENGYUN 2G              
1 40367U 14090A   26267.00352221 -.00000299  00000+0  00000+0 0  9991
2 40367   5.8816  71.5717 0003836 184.9826 207.3362  1.00270298 42992
METEOSAT-11 (MSG-4)     
1 40732U 15034A   26267.12823605  .00000065  00000+0  00000+0 0  9998
2 40732   3.4442  70.3865 0000515  86.0694 262.0127  1.00275951  8208
ELEKTRO-L 2             
1 41105U 15074A   26266.76710389 -.00000113  00000+0  00000+0 0  9995
2 41105   6.9349  69.2703 0001743 193.9275   1.0828  1.00272412 39495
SENTINEL-3A             
1 41335U 16011A   26267.16980118  .00000055  00000+0  40697-4 0  9991
2 41335  98.6272 333.1210 0001192 106.6379 253.4933 14.26736360552177
INSAT-3DR               
1 41752U 16054A   26267.06973581 -.00000078  00000+0  00000+0 0  9991
2 41752   0.0566  92.7392 0011927 171.4297 197.8817  1.00272204 36818
HIMAWARI-9              
1 41836U 16064A   26266.86911101 -.00000276  00000+0  00000+0 0  9992
2 41836   0.0270 290.2564 0001283 269.9164 256.1780  1.00273232 36202
GOES 16                 
1 41866U 16071A   26266.63573387 -.00000092  00000+0  00000+0 0  9994
2 41866   0.5764  84.2327 0001851 133.4824 268.9654  1.00271901 36094
FENGYUN 4A              
1 41882U 16077A   26266.75121752 -.00000357  00000+0  00000+0 0  9990
2 41882   2.5646  79.0239 0008065 166.0026 151.1223  1.00270827 35918
CYGFM05                 
1 41884U 16078A   26266.48634902  .00020564  00000+0  23698-3 0  9992
2 41884  34.9567 327.5852 0004523   9.4745 350.6065 15.60960501544108
CYGFM04                 
1 41885U 16078B   26267.12771742  .00034332  00000+0  30631-3 0  9992
2 41885  34.9309 285.3223 0003091  93.9792 266.1288 15.67344066544506
CYGFM02                 
1 41886U 16078C   26267.14947697  .00047798  00000+0  34656-3 0  9990
2 41886  34.9386 276.1130 0003863 110.4603 249.6541 15.72267188544716
CYGFM01                 
1 41887U 16078D   26266.49111378  .00021720  00000+0  24207-3 0  9995
2 41887  34.9398 327.7322 0004303   3.6836 356.3921 15.61815822544065
CYGFM08                 
1 41888U 16078E   26267.15123780  .00030927  00000+0  29930-3 0  9997
2 41888  34.9422 299.9106 0004637  57.3711 302.7462 15.65340953544463
CYGFM07                 
1 41890U 16078G   26267.10349248  .00032171  00000+0  30975-3 0  9998
2 41890  34.9432 288.4747 0003549  84.6621 275.4510 15.65468171544480
CYGFM03                 
1 41891U 16078H   26267.13925308  .00030853  00000+0  29740-3 0  9992
2 41891  34.9390 290.1507 0002766  65.2700 294.8315 15.65448641544467
FENGYUN 3D              
1 43010U 17072A   26267.23430766 -.00000014  00000+0  15210-4 0  9997
2 43010  99.0253 243.5043 0002379 107.1643 252.9793 14.19756220459048
NOAA 20 (JPSS-1)        
1 43013U 17073A   26267.03413841  .00000033  00000+0  36542-4 0  9995
2 43013  98.7829 205.6383 0001203  39.0219 321.1043 14.19527342458495
GOES 17                 
1 43226U 18022A   26267.19419502 -.00000182  00000+0  00000+0 0  9994
2 43226   1.1845  84.0276 0000986 135.5500 123.9027  1.00272037 31412
SENTINEL-3B             
1 43437U 18039A   26267.14291785  .00000048  00000+0  37890-4 0  9994
2 43437  98.6268 333.2438 0001150  72.9317 287.1990 14.26738927438239
FENGYUN 2H              
1 43491U 18050A   26267.07077583 -.00000128  00000+0  00000+0 0  9995
2 43491   3.2779  77.8243 0002605 147.8997 242.0071  1.00271890 30434
METOP-C                 
1 43689U 18087A   26267.10339309  .00000054  00000+0  44715-4 0  9998
2 43689  98.7328 324.9616 0000494  62.0345 298.0882 14.21474189408883
GEO-KOMPSAT-2A          
1 43823U 18100A   26266.36766609  .00000000  00000+0  00000+0 0  9993
2 43823   0.0134 106.6252 0001569  22.6968 133.5066  1.00263602 28617
METEOR-M2 2             
1 44387U 19038A   26267.22072758  .00000291  00000+0  14580-3 0  9995
2 44387  98.9252 256.0176 0002373  87.2845 272.8605 14.24388766375395
FENGYUN 3E              
1 49008U 21062A   26267.20747896  .00000127  00000+0  80319-4 0  9992
2 49008  98.7554 269.5361 0002168 131.9940 228.1421 14.19911752270635
GOES 18                 
1 51850U 22021A   26267.11572560  .00000096  00000+0  00000+0 0  9999
2 51850   0.0419   0.3496 0000496 239.3350  27.9481  1.00272163  7584
NOAA 21 (JPSS-2)        
1 54234U 22150A   26267.06531918  .00000027  00000+0  33476-4 0  9999
2 54234  98.7111 204.2083 0000688 289.4171  70.6931 14.19550430200572
METEOSAT-12 (MTG-I1)    
1 54743U 22170C   26267.12624272 -.00000008  00000+0  00000+0 0  9991
2 54743   0.7416  20.6053 0003639  94.7084 292.6685  1.00273577 13972
TIANMU-1 03             
1 55973U 23039A   26267.17337787  .00013796  00000+0  24914-3 0  9990
2 55973  97.5266  85.2493 0003695  95.8745 264.2927 15.49844069196152
TIANMU-1 04             
1 55974U 23039B   26267.18620372  .00014160  00000+0  24947-3 0  9999
2 55974  97.5189  84.4316 0004874  86.0092 274.1716 15.50534709196176
TIANMU-1 05             
1 55975U 23039C   26267.15932198  .00014705  00000+0  26628-3 0  9992
2 55975  97.5240  84.8137 0003698 107.0187 253.1469 15.49750347196136
TIANMU-1 06             
1 55976U 23039D   26267.19674774  .00013989  00000+0  24766-3 0  9994
2 55976  97.5250  85.5915 0003519 101.9128 258.2518 15.50407125196170
FENGYUN 3G              
1 56232U 23055A   26267.18377534  .00022011  00000+0  33923-3 0  9992
2 56232  49.9918 195.5182 0011142  74.6126 285.6072 15.53987326195392
METEOR-M2 3             
1 57166U 23091A   26267.16803529 -.00000017  00000+0  11489-4 0  9992
2 57166  98.5981 320.0691 0003014 231.8269 128.2639 14.24052905168601
TIANMU-1 07             
1 57399U 23101A   26267.16333652  .00005063  00000+0  17273-3 0  9998
2 57399  97.2502 315.5724 0003849 124.2196 235.9410 15.30778171176789
TIANMU-1 08             
1 57400U 23101B   26267.19527874  .00004875  00000+0  16637-3 0  9998
2 57400  97.2490 315.3596 0005334 119.0069 241.1708 15.30775736176788
TIANMU-1 09             
1 57401U 23101C   26267.17768718  .00004771  00000+0  16296-3 0  9997
2 57401  97.2449 314.7054 0004621 129.8618 230.3030 15.30760321176784
TIANMU-1 10             
1 57402U 23101D   26267.14494168  .00005180  00000+0  17640-3 0  9999
2 57402  97.2528 315.8295 0005834 130.5969 229.5780 15.30814368176779
FENGYUN 3F              
1 57490U 23111A   26267.18886204  .00000012  00000+0  25972-4 0  9994
2 57490  98.6747 335.3070 0001336 111.5455 248.5864 14.19952122162916
TIANMU-1 11             
1 58645U 23205A   26267.23756558  .00004531  00000+0  16921-3 0  9998
2 58645  97.3427 287.2888 0009164  25.3048 334.8639 15.27843374152645
TIANMU-1 12             
1 58646U 23205B   26267.22501535  .00004114  00000+0  15549-3 0  9993
2 58646  97.3418 286.9790 0007565  13.5471 346.5970 15.27515480152626
TIANMU-1 13             
1 58647U 23205C   26267.19135870  .00004231  00000+0  15993-3 0  9998
2 58647  97.3444 287.2548 0005681 357.2962   2.8245 15.27506140152610
TIANMU-1 14             
1 58648U 23205D   26267.23984480  .00004638  00000+0  17490-3 0  9998
2 58648  97.3382 286.4069 0006593   0.5193 359.6052 15.27529675152626
TIANMU-1 19             
1 58660U 23208A   26267.15892692  .00007316  00000+0  23261-3 0  9998
2 58660  97.4582  24.1061 0004000 339.5015  20.6066 15.32912501152485
TIANMU-1 20             
1 58661U 23208B   26267.18510721  .00006864  00000+0  21033-3 0  9994
2 58661  97.4527  24.8725 0006109 340.3299  19.7707 15.34107120152593
TIANMU-1 21             
1 58662U 23208C   26267.21153297  .00008370  00000+0  23587-3 0  9990
2 58662  97.4593  28.0331 0005966 331.6654  28.4264 15.36678387152768
TIANMU-1 22             
1 58663U 23208D   26267.17772115  .00006789  00000+0  22032-3 0  9998
2 58663  97.4579  23.9696 0003492  12.2310 347.9015 15.32286371152480
TIANMU-1 15             
1 58700U 24004A   26267.17140926  .00004596  00000+0  17344-3 0  9998
2 58700  97.4664  93.4112 0007029 359.7369   0.3865 15.27517603150889
TIANMU-1 16             
1 58701U 24004B   26267.15654728  .00004685  00000+0  17669-3 0  9996
2 58701  97.4615  92.5750 0005835  15.1285 345.0127 15.27533105150882
TIANMU-1 17             
1 58702U 24004C   26267.20722589  .00004280  00000+0  16126-3 0  9992
2 58702  97.4641  93.1466 0005833  23.3550 336.7953 15.27618657150887
TIANMU-1 18             
1 58703U 24004D   26267.18769769  .00004497  00000+0  16984-3 0  9993
2 58703  97.4657  93.3955 0004885   7.1304 353.0004 15.27514714150881
INSAT-3DS               
1 58990U 24033A   26267.14262279 -.00000157  00000+0  00000+0 0  9991
2 58990   0.0153 196.6973 0001399 350.8168 308.9207  1.00272055 48065
METEOR-M2 4             
1 59051U 24039A   26267.15427552  .00000005  00000+0  21969-4 0  9997
2 59051  98.7134 225.2595 0006004 240.1293 119.9289 14.22438239133335
GOES 19                 
1 60133U 24119A   26267.08447492 -.00000249  00000+0  00000+0 0  9995
2 60133   0.0022 278.4952 0000441 335.4026  64.2704  1.00272204  7950
MTG-S1                  
1 64723U 25143A   26267.12632939 -.00000007  00000+0  00000+0 0  9991
2 64723   0.6179 342.4776 0003808 254.2316 171.5002  1.00273623  4411
METOP-SGA1              
1 65159U 25172A   26267.13758440  .00000016  00000+0  27623-4 0  9998
2 65159  98.7443 325.0754 0000690  86.5474 273.5783 14.21466243 57840
FENGYUN 3H              
1 65815U 25219A   26266.83420510  .00000018  00000+0  28676-4 0  9990
2 65815  98.6828 205.7061 0001451  95.6963 264.4379 14.19933956 51380
OSCAR 7 (AO-7)          
1 07530U 74089B   26266.86626550 -.00000026  00000+0  12979-3 0  9992
2 07530 101.9918 281.1438 0011971 303.9282 178.5058 12.53699707372880
PHASE 3B (AO-10)        
1 14129U 83058B   26263.04235857 -.00000060  00000+0  00000+0 0  9999
2 14129  25.9788 204.0605 5980330 141.6651 281.5604  2.05869937297448
UOSAT 2 (UO-11)         
1 14781U 84021B   26267.14885760  .00000923  00000+0  99052-4 0  9990
2 14781  97.8189 231.6967 0006682 206.7023 153.3852 14.91009833271871
LUSAT (LO-19)           
1 20442U 90005G   26267.04328611  .00000066  00000+0  40250-4 0  9990
2 20442  98.8815 291.5562 0010476 276.7592  83.2399 14.34145511916569
EYESAT A (AO-27)        
1 22825U 93061C   26267.15112873  .00000055  00000+0  37800-4 0  9990
2 22825  98.6785 334.4801 0008706 163.0261 197.1215 14.30962810721153
ITAMSAT (IO-26)         
1 22826U 93061D   26267.10097573  .00000052  00000+0  36555-4 0  9998
2 22826  98.6732 334.3579 0009524 147.3748 212.8024 14.31391806721460
RADIO ROSTO (RS15)      
1 23439U 94085A   26267.18165911 -.00000040  00000+0  65627-4 0  9996
2 23439  64.8148 143.1140 0159375 346.1307  13.5265 11.27583957307068
JAS-2 (FO-29)           
1 24278U 96046B   26266.49449946 -.00000006  00000+0  30189-4 0  9990
2 24278  98.5160 101.8871 0349495 201.1622 157.4753 13.53278570486469
TECHSAT 1B (GO-32)      
1 25397U 98043D   26266.89570021  .00000037  00000+0  36284-4 0  9990
2 25397  99.0161 262.1858 0000565 346.4778  13.6384 14.24444034465382
ISS (ZARYA)             
1 25544U 98067A   26267.14191495  .00009634  00000+0  18116-3 0  9998
2 25544  51.6318 170.3464 0004691 174.6338 185.4701 15.49258637587098
PCSAT (NO-44)           
1 26931U 01043C   26266.64024194  .00000050  00000+0  49661-4 0  9995
2 26931  67.0530 349.6210 0005874 273.2706  86.7724 14.31985905304545
SAUDISAT 1C (SO-50)     
1 27607U 02058C   26266.87009507  .00000624  00000+0  91334-4 0  9990
2 27607  64.5525 183.6192 0071451 244.3071 115.0645 14.83225642279096
CUTE-1 (CO-55)          
1 27844U 03031E   26266.80397174  .00000204  00000+0  10732-3 0  9994
2 27844  98.6773 274.1406 0008403 258.1142 101.9095 14.24385054205715
CUBESAT XI-IV (CO-57)   
1 27848U 03031J   26266.98272470  .00000164  00000+0  91293-4 0  9995
2 27848  98.6805 273.9501 0008322 279.1840  80.8397 14.23663334205434
MOZHAETS 4 (RS22)       
1 27939U 03042A   26267.22365853  .00000059  00000+0  17349-4 0  9997
2 27939  98.3478  94.4115 0010528 320.3595 139.0012 14.73608284230136
CUBESAT XI-V            
1 28895U 05043F   26265.42252903  .00000842  00000+0  13978-3 0  9996
2 28895  98.3110  63.1755 0012822 255.8942 104.0840 14.72839267116063
CUTE-1.7+APD II (CO-65) 
1 32785U 08021C   26267.06163608  .00003955  00000+0  24583-3 0  9995
2 32785  97.8383 250.6552 0010169  58.7279 301.4944 15.10227566   128
SEEDS II (CO-66)        
1 32791U 08021J   26266.80966831  .00016184  00000+0  46635-3 0  9992
2 32791  97.7568 269.6837 0001870  23.7949 336.3380 15.35822340  2402
YUBILEINY (RS30)        
1 32953U 08025A   26267.16698988  .00000023  00000+0  94560-4 0  9997
2 32953  82.5010 293.8786 0020730  95.7820 264.5624 12.43183070831994
KKS-1 (KISEKI)          
1 33499U 09002H   26266.95248286  .00000962  00000+0  12421-3 0  9994
2 33499  98.1167 190.9561 0007356 340.8263  19.2672 14.83330947950834
SWISSCUBE               
1 35932U 09051B   26266.68422697  .00000651  00000+0  13786-3 0  9992
2 35932  98.3941 176.2476 0005454 268.3944  91.6633 14.62635394903558
BEESAT-1                
1 35933U 09051C   26266.19822303  .00000526  00000+0  11504-3 0  9994
2 35933  98.3867 175.1807 0004058 289.6917  70.3846 14.61848896903504
ITUPSAT1                
1 35935U 09051E   26266.68630935  .00000499  00000+0  11270-3 0  9997
2 35935  98.3946 174.7603 0006355 299.6194  60.4373 14.60560206903110
XIWANG-1 (HOPE-1)       
1 36122U 09072B   26267.11861355 -.00000080  00000+0 -92593-4 0  9996
2 36122 100.4131 219.4085 0007790  12.9708 347.1604 13.16442165806029
O/OREOS (USA 219)       
1 37224U 10062C   26266.89809924  .00001596  00000+0  15502-3 0  9994
2 37224  71.9693 216.6769 0016313 241.1561 118.7973 14.94063507131387
JUGNU                   
1 37839U 11058B   26266.13813817  .00000394  00000+0  66102-4 0  9993
2 37839  19.9606  73.3203 0018611  78.1713  82.5534 14.13800098772901
SRMSAT                  
1 37841U 11058D   26267.05462225  .00000363  00000+0  52887-4 0  9992
2 37841  19.9707 181.0334 0011768 211.1158 262.5138 14.11594148771808
STRAND-1                
1 39090U 13009E   26266.98677568  .00000184  00000+0  76271-4 0  9991
2 39090  98.3970  84.8296 0007595 299.9299  60.1134 14.37210338711254
ZACUBE-1 (TSHEPISOSAT)  
1 39417U 13066B   26266.83737789  .00003876  00000+0  29702-3 0  9990
2 39417  97.8164 229.7009 0038521 282.3782  77.3131 15.01872117695534
GOMX-1                  
1 39430U 13066Q   26267.18522037  .00001011  00000+0  15666-3 0  9995
2 39430  97.6433 101.4079 0129157 118.9202 242.5031 14.69718146684454
CUBEBUG-2 (LO-74)       
1 39440U 13066AA  26267.11606720  .00003136  00000+0  28780-3 0  9992
2 39440  97.8994 216.5973 0058268  59.9328 300.7652 14.94315017691763
FUNCUBE-1 (AO-73)       
1 39444U 13066AE  26266.85401273  .00005407  00000+0  32645-3 0  9990
2 39444  97.8393 240.5101 0033855 225.5449 134.3010 15.10680369694553
UWE-3                   
1 39446U 13066AG  26267.12036418  .00003192  00000+0  27198-3 0  9994
2 39446  97.8819 223.9543 0048349 351.8494   8.1937 14.97616996692384
UNISAT-6                
1 40012U 14033C   26266.68553333  .00001963  00000+0  21240-3 0  9996
2 40012  97.8013  57.7734 0045939 103.3271 257.3074 14.88661303660816
QB50P1                  
1 40025U 14033R   26266.76758402  .00005244  00000+0  25027-3 0  9996
2 40025  98.0966 284.9311 0007057 242.4602 117.5915 15.19540121667993
LILACSAT-2              
1 40908U 15049K   26267.17651267  .00017383  00000+0  26483-3 0  9995
2 40908  97.4551 307.9499 0004799 238.8507 121.2276 15.54549455611115
FOX-1A (AO-85)          
1 40967U 15058D   26267.13754485  .00001266  00000+0  12034-3 0  9992
2 40967  64.7748 331.3502 0139284  19.6691 340.9717 14.91413260128328
CAS-2T & KS-1Q          
1 41847U 16066G   26267.13548671  .00000998  00000+0  14846-3 0  9992
2 41847  98.3746 341.7279 0341063 189.0811 170.4111 14.44857989519088
RADFXSAT (FOX-1B)       
1 43017U 17073E   26266.85963235  .00006853  00000+0  29154-3 0  9991
2 43017  97.4540 132.0587 0146647 348.1922  11.5883 15.14023301480311
DIWATA-2B               
1 43678U 18084H   26267.19014094  .00001158  00000+0  96409-4 0  9996
2 43678  98.1168 107.7563 0012299 197.0632 163.0179 15.00748190431069
ES'HAIL 2               
1 43700U 18090A   26267.13144274  .00000144  00000+0  00000+0 0  9998
2 43700   0.0193 154.5186 0001232  35.3206 246.2412  1.00272385 28667
FOX-1CLIFF (AO-95)      
1 43770U 18099N   26267.11571391  .00009226  00000+0  33432-3 0  9995
2 43770  97.4286 327.0719 0008087   9.0761 351.0624 15.28564135428324
ITASAT                  
1 43786U 18099AE  26266.92656764  .00004909  00000+0  22996-3 0  9994
2 43786  97.3930 316.4847 0012388  15.2897 344.8710 15.20102268427904
JY1SAT (JO-97)          
1 43803U 18099AX  26266.91337007  .00014770  00000+0  41609-3 0  9998
2 43803  97.4032 330.2409 0003814 274.6986  85.3822 15.36537204428776
UWE-4                   
1 43880U 18111E   26267.04403338  .00039965  00000+0  65522-3 0  9997
2 43880  97.5811 200.4342 0005194 355.7199   4.4007 15.52343247426080
TIANYAN 01              
1 44881U 19093C   26267.19185777 -.00000211  00000+0 -17778-4 0  9994
2 44881  97.7449 336.9681 0014774 118.1210 242.1502 14.86639887366124
RS-44 & BREEZE-KM R/B   
1 44909U 19096E   26267.05840355  .00000029  00000+0  78453-4 0  9995
2 44909  82.5165 274.0039 0216322 273.2372  84.4003 12.79749542314997
SALSAT                  
1 46495U 20068K   26267.00432350  .00006305  00000+0  21305-3 0  9991
2 46495  97.8887 276.2015 0008162 324.5632  35.5064 15.31020818330471
XW-3 (CAS-9)            
1 50466U 21131B   26267.18251913  .00000218  00000+0  80845-4 0  9991
2 50466  98.4970 359.0313 0004637 147.6903 212.4570 14.41430422249375
GREENCUBE (IO-117)      
1 53109U 22080E   26267.01337444 -.00000003  00000+0  00000+0 0  9991
2 53109  70.1207 263.8675 0009209 268.3973  91.5632  6.42583777 98419
UMKA 1 (RS40S)          
1 57172U 23091G   26267.15077200  .00004376  00000+0  19574-3 0  9990
2 57172  97.4949 325.4755 0013708 129.9145 230.3297 15.21751211179051
CUBESX-HSE 3 (RS42S)    
1 57178U 23091N   26267.17198841  .00011000  00000+0  34276-3 0  9991
2 57178  97.4998 334.1125 0011452 100.6031 259.6501 15.33374312179589
MONITOR-3 (RS58S)       
1 57180U 23091Q   26267.16817648  .00008162  00000+0  28714-3 0  9991
2 57180  97.4988 331.4068 0012548 108.8151 251.4451 15.29532340179415
MONITOR-4 (RS57S)       
1 57182U 23091S   26267.14148214  .00008567  00000+0  30039-3 0  9999
2 57182  97.4982 331.3569 0012559 109.1163 251.1438 15.29624528179417
MONITOR-2 (RS39S)       
1 57184U 23091U   26267.17067689  .00003712  00000+0  17700-3 0  9997
2 57184  97.4970 324.8074 0012320 123.9254 236.3154 15.19659574178984
SVYATOBOR 1 (RS60S)     
1 57187U 23091X   26267.11750691  .00007131  00000+0  26310-3 0  9992
2 57187  97.4994 331.5282 0010548 102.9942 257.2476 15.28040705179418
VIZARD-METEO (RS38S)    
1 57189U 23091Z   26267.14041207  .00015239  00000+0  39785-3 0  9991
2 57189  97.5004 338.7645 0007887  81.2076 279.0062 15.38867951179890
POLYTECH-UNIVERSE 3 (R*)
1 57191U 23091AB  26267.18395062  .00003809  00000+0  18013-3 0  9990
2 57191  97.4946 324.3259 0016248 140.1143 220.1289 15.19880669178987
UTMN 2 (RS27S)          
1 57203U 23091AP  26267.13700888  .00011001  00000+0  33453-3 0  9993
2 57203  97.4998 335.8301 0008780  90.0252 270.1996 15.34177417179707
KUZGTU 1 (RS47S)        
1 57217U 23091AV  26267.12652906  .00010104  00000+0  33075-3 0  9997
2 57217  97.4969 332.7004 0011775 104.9135 255.3411 15.31815602179517
SONATE-2                
1 59112U 24043Q   26266.69775065  .00044746  00000+0  42578-3 0  9991
2 59112  97.5614  63.7935 0005382 194.3062 165.8047 15.66702278143270
MESAT1                  
1 60209U 24125G   26267.05951561  .00113119  00000+0  68717-3 0  9993
2 60209  97.2092 127.6300 0006666 184.0512 176.0702 15.77146105125077
GRBBETA                 
1 60237U 24128C   26266.49194078  .00002406  00000+0  17212-3 0  9996
2 60237  61.9885 231.2027 0026180 156.3141 203.9164 15.07213608121082
OOV-CUBE (TUBSAT-30)    
1 60240U 24128F   26266.38843126  .00001282  00000+0  10919-3 0  9991
2 60240  61.9930 243.0547 0030676 156.7286 203.5202 15.03118730120875
COLIBRI-S (RS67S)       
1 61746U 24199M   26267.11400209  .00020502  00000+0  34591-3 0  9992
2 61746  97.2787 142.0542 0005381 285.6893  74.3766 15.51666304152730
HORS 3 (RS81S)          
1 61753U 24199U   26267.16145329  .00044248  00000+0  50139-3 0  9993
2 61753  97.2790 145.3909 0002266 268.8139  91.2859 15.62277956152970
HORS 4 (RS82S)          
1 61754U 24199V   26267.17141669  .00080434  00000+0  64652-3 0  9990
2 61754  97.2718 147.4721 0001677 216.2321 143.8829 15.70721606153125
SIT-2086                
1 61764U 24199AF  26267.13113823  .00043692  00000+0  53264-3 0  9990
2 61764  97.2744 145.4909 0003173 239.1758 120.9187 15.60369776149822
ALTAIR (RS65S)          
1 61779U 24199AW  26267.14515958  .00008630  00000+0  22774-3 0  9997
2 61779  97.2865 135.8766 0010782 316.4428  43.5965 15.38656320152325
ASRTU-1 (AO-123)        
1 61781U 24199AY  26267.16665020  .00006419  00000+0  17948-3 0  9998
2 61781  97.2832 134.9494 0012084 319.5130  40.5215 15.36952665149129
SAMSAT-IONOSPHERE (RS7*)
1 61784U 24199BB  26267.14588786  .00073311  00000+0  66899-3 0  9996
2 61784  97.2742 145.9457 0003519 262.1744  97.9118 15.67641485153010
RTU MIREA 1 (RS51S)     
1 61785U 24199BC  26266.91855049  .00105238  00000+0  70416-3 0  9994
2 61785  97.2718 147.2785 0002534 232.5136 127.5899 15.74976633149931
LASARSAT                
1 62391U 24247Q   26266.74690793  .00033898  00000+0  54035-3 0  9997
2 62391  44.9710  65.8065 0009890 255.5546 104.4249 15.52646933 98607
CROCUBE                 
1 62394U 24247T   26266.72072750  .00044657  00000+0  63456-3 0  9997
2 62394  44.9694  61.2464 0010611 264.9294  95.0388 15.55674097 98650
TEVEL2-4                
1 63213U 25052D   26266.66819543  .00015094  00000+0  40812-3 0  9999
2 63213  97.3757 163.3745 0004673 102.7962 257.3806 15.37803888 85231
TEVEL2-5                
1 63214U 25052E   26266.70149868  .00014270  00000+0  38888-3 0  9996
2 63214  97.3753 163.3242 0004562 103.9021 256.2732 15.37574615 85235
TEVEL2-6                
1 63215U 25052F   26266.65091428  .00014575  00000+0  39754-3 0  9990
2 63215  97.3760 163.2587 0004453 104.4404 255.7335 15.37543410 85226
TEVEL2-1                
1 63217U 25052H   26266.97836354  .00015714  00000+0  43736-3 0  9993
2 63217  97.3731 163.0847 0004488 112.3221 247.8500 15.36897215 85259
TEVEL2-3                
1 63218U 25052J   26266.64314295  .00013766  00000+0  38270-3 0  9995
2 63218  97.3736 162.7860 0004231 112.2139 247.9554 15.36965133 85209
TEVEL2-2                
1 63219U 25052K   26266.97789270  .00015880  00000+0  44173-3 0  9999
2 63219  97.3732 163.0889 0004515 113.0620 247.1100 15.36912707 85253
OTP-2                   
1 63235U 25052AB  26267.13724787  .00005242  00000+0  21194-3 0  9997
2 63235  97.3715 158.0932 0006474 157.4990 202.6533 15.25142495 84941
TEVEL2-9                
1 63237U 25052AD  26266.96061229  .00013734  00000+0  41069-3 0  9992
2 63237  97.3794 162.2134 0007181 134.3161 225.8672 15.34659548 85169
TEVEL2-7                
1 63238U 25052AE  26267.15331964  .00013631  00000+0  41238-3 0  9995
2 63238  97.3796 162.2749 0007116 135.2483 224.9336 15.34293994 85187
TEVEL2-8                
1 63239U 25052AF  26266.96672513  .00013565  00000+0  41057-3 0  9997
2 63239  97.3792 162.0630 0007198 134.1048 226.0789 15.34278982 85158
INNOSAT 16 (RS92S7)     
1 64878U 25155C   26267.15229500  .00004512  00000+0  17613-3 0  9990
2 64878  97.4691 234.1003 0009843 186.2036 173.9082 15.26387698 95766
GEOSCAN 6 (RS92S6)      
1 64879U 25155D   26267.19866642  .00008625  00000+0  28270-3 0  9999
2 64879  97.4674 236.3251 0007592 169.1901 190.9505 15.31859228 95912
GEOSCAN 1 (RS92S1)      
1 64880U 25155E   26267.15750816  .00009441  00000+0  30204-3 0  9999
2 64880  97.4670 236.5285 0007497 168.5435 191.5979 15.32608599 95925
239ALFEROV (RS61S)      
1 64881U 25155F   26267.16140429  .00013254  00000+0  38695-3 0  9993
2 64881  97.4663 237.4704 0007152 165.2549 194.8905 15.35426780 95986
GEOSCAN 2 (RS92S2)      
1 64890U 25155Q   26267.20008766  .00009706  00000+0  30810-3 0  9993
2 64890  97.4668 236.7613 0007406 154.6459 205.5148 15.32853664 95943
GEOSCAN 5 (RS92S5)      
1 64891U 25155R   26267.06595630  .00013888  00000+0  40172-3 0  9997
2 64891  97.4656 237.5471 0006013 166.2639 193.8769 15.35714844 95985
GEOSCAN 4 (RS92S4)      
1 64892U 25155S   26267.16897383  .00012951  00000+0  37244-3 0  9995
2 64892  97.4661 237.7335 0005899 165.1540 194.9877 15.35916232 96004
GEOSCAN 3 (RS92S3)      
1 64893U 25155T   26267.15147616  .00016968  00000+0  44731-3 0  9993
2 64893  97.4645 238.4773 0005920 161.9311 198.2145 15.38558341 96052
INNOSAT 3 (RS92S0)      
1 64894U 25155U   26267.18451351  .00046058  00000+0  78201-3 0  9993
2 64894  97.4584 241.6464 0005947 144.2064 215.9588 15.51324557 96273
KNACKSAT-2              
1 67683U 98067XZ  26266.13840853  .00053770  00000+0  44205-3 0  9993
2 67683  51.6249 158.3566 0008371 197.6801 162.3906 15.69835381 35615
MARINA                  
1 69920U 26156BD  26266.67128144  .00001729  00000+0  17523-3 0  9990
2 69920  97.7434 165.8331 0005897 252.2136 107.8440 14.92189662 11687
